# Camera calibration for Pi Camera Module 3 (IMX708) at 640x480
# Generated by web UI calibration on 2026-06-26 03:48:07
# RMS reprojection error: 0.3117

image_width: 640
image_height: 480

camera_matrix:
  rows: 3
  cols: 3
  data: [970.1266104549809, 0.0, 322.6420727725773,
         0.0, 967.9511742877479, 184.25259354355157,
         0.0, 0.0, 1.0]

distortion_model: plumb_bob
distortion_coefficients:
  rows: 1
  cols: 5
  data: [-0.079527, 1.688153, -0.011446, -0.003016, -7.587534]

rectification_matrix:
  rows: 3
  cols: 3
  data: [1.0, 0.0, 0.0,
         0.0, 1.0, 0.0,
         0.0, 0.0, 1.0]

projection_matrix:
  rows: 3
  cols: 4
  data: [970.1266104549809, 0.0, 322.6420727725773, 0.0,
         0.0, 967.9511742877479, 184.25259354355157, 0.0,
         0.0, 0.0, 1.0, 0.0]
